Mutation Types	PD4199a	PD4005a	PD3851a	PD4116a	PD4086a	PD4194a	PD4248a	PD4120a	PD4198a	PD3904a	PD3945a	PD4107a	PD3905a	PD4192a	PD4109a	PD4103a	PD4115a	PD4085a	PD3890a	PD4006a	PD4088a
AC>CA	1	0	0	1	0	0	0	0	0	1	0	0	1	0	1	0	0	0	1	1	0
AC>CG	0	0	0	0	0	0	0	1	0	0	0	0	0	0	0	0	1	0	0	0	0
AC>CT	0	0	0	0	0	0	0	0	0	0	1	0	0	0	1	0	1	0	0	1	0
AC>GA	0	0	0	3	0	0	0	0	0	0	2	0	1	0	0	0	0	1	0	1	0
AC>GG	0	0	0	0	0	0	0	0	0	0	0	0	0	1	0	0	0	0	0	0	0
AC>GT	0	0	0	0	0	0	0	0	0	1	0	0	0	0	0	0	0	0	0	0	0
AC>TA	0	2	0	2	0	0	1	0	0	0	0	0	0	1	0	2	2	0	0	0	0
AC>TG	0	0	0	0	0	0	0	0	0	0	0	0	0	0	0	0	0	0	0	2	0
AC>TT	0	1	0	0	0	0	0	2	0	1	2	0	0	0	1	0	1	0	1	0	0
AT>CA	0	0	0	0	0	0	0	0	0	0	1	0	0	1	0	1	0	0	0	0	0
AT>CC	0	0	0	0	0	0	0	0	0	0	0	0	0	0	0	0	0	0	0	0	0
AT>CG	0	0	0	0	0	0	0	0	0	0	0	0	0	0	0	0	0	0	0	0	0
AT>GA	0	0	0	0	0	0	0	0	0	0	1	1	0	0	0	0	0	1	0	0	0
AT>GC	0	1	0	0	0	0	0	0	0	0	0	0	0	1	0	0	0	0	0	0	0
AT>TA	0	0	0	0	0	0	0	0	0	0	1	1	0	0	0	0	1	0	0	0	0
CC>AA	1	3	2	21	1	0	2	3	1	13	17	22	10	1	2	0	14	0	2	13	0
CC>AG	0	5	0	2	0	0	0	1	0	2	4	5	1	0	3	0	3	0	2	2	0
CC>AT	2	3	0	9	0	0	0	3	1	3	5	10	0	0	1	0	3	0	2	5	0
CC>GA	0	1	0	1	0	0	0	0	0	1	1	4	0	1	1	0	4	1	1	2	0
CC>GG	0	1	0	0	0	0	0	0	0	0	0	0	0	0	0	0	1	0	0	1	0
CC>GT	0	0	1	0	1	1	1	4	1	0	1	1	1	0	1	1	0	0	2	0	1
CC>TA	1	2	0	4	0	0	0	7	0	0	1	1	0	0	0	0	0	0	1	1	0
CC>TG	0	1	0	1	0	0	0	2	0	0	0	0	0	0	0	0	1	0	1	0	0
CC>TT	5	1	0	1	0	0	0	31	0	2	3	7	1	0	1	2	2	1	2	1	1
CG>AT	0	0	0	0	0	0	0	0	0	0	1	0	0	0	0	0	0	0	0	0	0
CG>GC	0	0	0	0	0	0	0	0	0	0	0	0	0	0	0	0	0	0	0	0	0
CG>GT	0	0	0	1	0	1	0	0	0	0	0	0	0	0	0	0	0	0	0	0	0
CG>TA	0	0	0	0	0	0	0	0	1	0	0	0	0	2	1	0	0	0	0	0	0
CG>TC	0	0	0	0	0	0	0	0	0	0	0	0	0	0	0	0	0	0	0	0	0
CG>TT	0	0	0	0	0	0	0	0	0	0	0	0	0	0	0	0	0	0	0	0	0
CT>AA	0	2	2	3	0	0	1	2	0	2	2	1	1	0	1	0	1	0	1	3	0
CT>AC	0	0	0	1	0	0	0	0	0	0	1	2	0	0	0	0	1	0	0	0	0
CT>AG	0	2	0	0	0	0	0	0	0	2	2	2	0	0	1	3	3	0	0	0	0
CT>GA	0	0	0	0	0	0	0	0	0	0	1	1	0	0	0	0	2	0	0	0	0
CT>GC	1	1	0	0	0	0	0	0	0	0	0	0	0	0	0	0	1	0	0	0	0
CT>GG	0	0	0	0	0	0	0	1	0	0	0	1	0	0	0	0	1	0	1	0	0
CT>TA	1	0	1	2	0	0	0	8	0	2	3	0	0	0	2	0	0	1	0	0	0
CT>TC	0	0	0	0	0	0	0	2	0	0	0	0	3	0	0	0	0	0	1	0	0
CT>TG	1	0	0	0	0	0	0	0	0	1	0	0	0	2	0	0	2	0	0	0	0
GC>AA	0	2	2	3	1	0	0	3	0	2	9	5	4	1	0	2	2	1	1	4	0
GC>AG	0	2	0	4	0	0	0	2	1	0	3	4	0	0	1	2	0	1	0	2	0
GC>AT	0	3	0	0	0	1	0	0	0	1	0	2	0	0	1	0	0	0	2	0	0
GC>CA	0	0	0	0	0	0	0	1	0	0	1	0	0	1	0	0	2	0	1	0	1
GC>CG	0	0	0	0	0	0	0	0	0	0	0	0	0	0	0	0	0	0	0	0	0
GC>TA	0	0	0	1	0	0	0	0	1	0	0	0	0	0	0	0	1	0	0	0	0
TA>AT	0	1	0	0	0	0	0	1	0	1	1	0	0	2	0	0	0	0	1	1	0
TA>CG	0	0	0	0	0	0	0	0	0	0	0	0	0	1	0	0	1	0	0	0	0
TA>CT	0	0	0	0	0	0	0	0	0	1	1	0	0	0	2	0	3	0	3	1	0
TA>GC	0	0	0	0	0	0	0	0	0	0	0	0	0	0	0	0	0	0	0	0	0
TA>GG	0	0	0	0	0	0	0	0	0	0	0	0	0	1	0	0	0	0	0	0	0
TA>GT	0	0	0	1	0	0	0	0	1	1	0	0	0	0	0	0	0	0	0	2	0
TC>AA	1	4	0	4	0	0	4	1	0	5	19	2	4	1	4	3	14	0	2	4	1
TC>AG	0	2	0	2	0	0	0	6	0	0	0	0	1	0	3	0	1	0	0	0	0
TC>AT	2	1	0	4	0	0	1	20	2	4	7	4	1	0	4	4	1	0	1	3	0
TC>CA	0	0	0	3	0	0	1	1	0	6	5	1	1	0	0	1	4	0	1	0	0
TC>CG	1	0	0	1	0	0	0	0	0	0	0	0	0	0	0	0	2	0	0	0	0
TC>CT	0	0	1	2	0	0	0	4	0	1	1	1	0	1	1	0	2	0	0	2	0
TC>GA	0	1	1	1	0	0	0	0	0	1	5	4	0	0	0	2	1	0	0	0	0
TC>GG	0	0	0	0	0	0	0	2	0	0	0	1	0	0	0	0	1	0	0	1	0
TC>GT	0	0	1	0	0	0	0	1	1	1	1	0	0	1	0	0	0	0	1	0	0
TG>AA	0	0	0	1	0	0	0	0	0	0	1	1	0	0	0	0	2	0	0	0	0
TG>AC	0	0	0	0	0	0	0	0	0	0	0	1	0	0	0	0	0	0	0	0	0
TG>AT	0	2	0	2	0	0	2	0	0	1	4	2	0	0	1	0	4	0	2	2	1
TG>CA	1	3	0	0	1	0	2	2	0	2	2	1	2	2	0	0	2	0	0	2	0
TG>CC	0	0	0	0	1	1	1	2	1	1	0	0	0	0	0	1	0	0	0	1	0
TG>CT	1	5	0	1	1	1	2	0	1	5	2	4	1	0	4	1	9	1	0	5	0
TG>GA	0	0	0	0	0	0	0	0	0	1	0	0	0	0	0	0	1	0	1	0	0
TG>GC	0	0	0	0	0	0	0	0	0	0	0	0	0	0	0	1	1	0	1	0	0
TG>GT	0	1	0	1	0	0	0	2	1	1	1	0	0	0	1	0	2	0	0	1	0
TT>AA	0	0	0	1	0	1	0	2	0	0	3	1	0	0	0	0	5	0	1	0	1
TT>AC	0	0	0	0	0	0	0	0	0	0	0	0	0	0	0	0	1	0	0	0	0
TT>AG	0	0	0	0	0	0	0	0	0	0	0	0	0	0	1	0	0	0	2	1	0
TT>CA	0	0	0	0	0	0	0	1	0	0	0	0	0	0	0	0	1	0	0	0	0
TT>CC	0	0	0	0	0	0	0	1	0	0	0	1	0	0	0	0	0	0	0	0	0
TT>CG	0	0	0	0	0	2	0	0	0	0	0	0	0	0	0	0	0	0	0	0	0
TT>GA	0	0	0	0	0	0	0	0	0	0	0	0	0	0	0	0	0	0	0	0	0
TT>GC	0	0	0	0	0	0	0	0	0	0	0	0	0	0	2	0	0	0	0	0	0
TT>GG	0	0	0	0	0	0	0	0	0	0	0	0	0	0	0	0	0	0	0	1	0
