Mutation Types	PD4199a	PD4005a	PD3851a	PD4116a	PD4086a	PD4194a	PD4248a	PD4120a	PD4198a	PD3904a	PD3945a	PD4107a	PD3905a	PD4192a	PD4109a	PD4103a	PD4115a	PD4085a	PD3890a	PD4006a	PD4088a
A[C>A]A	18	17	8	24	9	2	12	79	18	27	53	43	23	11	32	14	43	7	28	33	11
A[C>A]C	4	10	5	27	6	1	4	57	9	13	22	26	4	4	18	12	33	11	12	12	5
A[C>A]G	2	3	3	2	2	0	1	16	2	2	6	3	3	4	4	1	3	1	3	8	1
A[C>A]T	7	16	5	20	2	3	11	86	11	21	37	45	19	18	28	26	27	8	21	20	8
A[C>G]A	46	29	4	33	14	6	5	524	17	19	35	28	15	16	54	8	35	6	25	41	5
A[C>G]C	25	20	2	14	2	6	4	344	7	10	12	15	9	14	20	7	13	0	20	16	2
A[C>G]G	4	2	0	4	1	1	0	75	1	4	1	6	2	1	8	2	1	0	1	4	0
A[C>G]T	33	21	1	33	10	4	8	433	6	15	21	21	19	12	37	10	31	6	16	28	1
A[C>T]A	67	32	9	31	14	12	15	689	37	43	32	47	23	25	58	49	34	20	28	39	13
A[C>T]C	34	11	7	20	8	7	7	398	22	21	27	18	8	12	34	26	22	12	19	21	7
A[C>T]G	10	5	1	5	4	1	8	105	5	6	13	10	4	4	11	9	8	4	3	4	3
A[C>T]T	56	37	11	21	16	8	6	574	19	22	43	49	20	19	49	30	24	13	16	26	10
A[T>A]A	5	16	1	29	3	4	8	15	17	19	32	36	23	7	26	10	24	4	10	24	1
A[T>A]C	3	5	6	17	4	2	2	15	7	8	17	22	6	6	13	7	23	3	9	22	3
A[T>A]G	7	8	2	20	2	7	5	16	9	14	31	32	10	7	28	9	24	9	13	34	3
A[T>A]T	5	12	8	28	8	6	7	16	18	12	55	44	13	9	38	11	45	9	21	32	6
A[T>C]A	7	17	7	29	3	1	8	16	18	18	40	35	12	11	35	11	33	13	26	36	5
A[T>C]C	7	8	3	19	5	0	3	10	10	9	26	28	8	5	27	10	18	6	11	28	3
A[T>C]G	11	5	6	22	7	3	9	19	18	6	38	30	13	6	28	16	28	12	16	34	2
A[T>C]T	8	17	3	33	10	5	15	13	19	20	43	48	16	17	34	18	47	10	19	38	7
A[T>G]A	2	6	2	22	2	0	4	8	8	12	17	18	13	7	10	9	23	5	12	15	0
A[T>G]C	3	5	6	5	0	0	1	7	0	5	11	16	7	3	6	5	18	4	12	9	0
A[T>G]G	3	6	1	14	2	2	7	8	10	5	24	19	8	3	16	4	18	4	15	24	3
A[T>G]T	3	11	3	18	2	2	6	16	8	9	29	34	10	14	17	11	28	5	12	15	1
C[C>A]A	18	24	5	35	4	7	10	88	18	25	39	36	16	10	30	17	46	9	17	37	11
C[C>A]C	11	8	7	23	0	4	5	65	8	23	28	26	13	5	26	8	34	8	8	34	4
C[C>A]G	2	3	1	6	1	2	2	19	1	0	4	7	2	1	4	5	4	0	3	8	0
C[C>A]T	6	9	6	40	2	7	8	82	11	27	38	34	15	15	41	17	41	10	22	43	5
C[C>G]A	37	22	5	24	7	6	6	497	11	23	30	22	25	16	34	12	27	6	14	28	3
C[C>G]C	36	24	3	23	3	5	3	383	10	8	24	17	10	16	16	12	22	0	17	16	3
C[C>G]G	3	5	0	3	1	1	0	59	1	2	3	4	3	3	2	2	4	0	4	6	1
C[C>G]T	31	24	2	18	6	8	5	482	11	11	39	33	16	20	35	13	30	3	32	34	6
C[C>T]A	73	35	12	32	15	12	15	681	20	35	39	41	26	19	50	46	35	22	34	35	13
C[C>T]C	44	21	9	18	14	8	11	476	23	20	29	23	10	15	39	20	19	4	22	28	8
C[C>T]G	4	3	2	4	1	2	1	109	7	3	4	5	7	2	3	7	7	3	3	6	4
C[C>T]T	53	19	18	33	15	20	18	681	36	27	44	34	19	21	43	43	39	16	30	24	11
C[T>A]A	2	12	0	14	4	5	4	9	5	6	21	17	5	7	16	6	20	3	10	15	5
C[T>A]C	7	7	6	20	2	3	2	15	14	7	22	28	17	5	16	11	20	2	11	31	3
C[T>A]G	6	15	5	22	5	3	5	15	11	13	35	31	11	11	19	7	19	8	15	32	0
C[T>A]T	6	10	4	25	1	3	6	11	16	13	32	34	15	8	24	13	23	2	19	31	3
C[T>C]A	3	11	4	16	7	3	6	10	11	5	25	24	14	5	26	8	18	7	13	15	2
C[T>C]C	5	11	5	25	7	5	3	15	14	10	22	24	11	13	29	11	27	7	14	15	5
C[T>C]G	17	17	7	23	7	2	4	13	21	18	24	34	12	8	24	9	39	7	22	31	1
C[T>C]T	3	15	6	17	4	6	6	12	18	12	37	29	10	8	26	9	40	12	18	28	5
C[T>G]A	2	8	2	10	1	0	3	7	5	5	12	9	11	5	7	6	12	2	5	17	0
C[T>G]C	1	14	1	12	1	1	3	9	10	5	11	12	4	6	14	5	18	3	6	12	2
C[T>G]G	1	8	2	14	3	2	1	9	6	11	18	17	11	13	16	7	20	6	16	17	6
C[T>G]T	4	7	4	10	5	1	8	5	7	13	16	20	10	7	13	9	20	5	19	23	2
G[C>A]A	7	14	3	19	5	5	8	58	12	20	35	31	14	11	22	11	34	5	13	24	5
G[C>A]C	5	8	4	13	4	4	4	54	7	21	27	29	13	7	15	12	19	4	7	11	5
G[C>A]G	0	2	0	3	0	1	1	17	1	1	4	7	1	0	2	3	1	2	0	2	0
G[C>A]T	11	8	4	25	5	2	3	71	13	14	24	22	10	8	23	9	25	5	14	24	2
G[C>G]A	27	24	3	25	6	3	5	383	4	10	28	23	15	15	32	9	31	5	16	33	3
G[C>G]C	19	22	6	16	5	4	4	324	5	21	29	16	15	12	27	17	19	2	11	15	1
G[C>G]G	4	3	0	3	1	2	1	69	2	1	4	3	2	4	8	1	4	1	3	7	1
G[C>G]T	30	26	1	20	9	0	4	380	5	16	17	23	16	16	20	8	20	6	18	26	3
G[C>T]A	60	22	8	28	10	5	8	507	23	12	42	41	16	13	36	25	30	15	27	30	13
G[C>T]C	42	24	9	25	11	7	9	434	21	14	21	28	16	13	29	23	29	11	9	18	9
G[C>T]G	6	6	2	2	3	2	1	92	3	6	6	5	1	5	8	11	7	4	4	2	3
G[C>T]T	45	21	12	15	9	6	17	480	25	23	21	39	17	15	52	29	32	10	18	23	6
G[T>A]A	2	5	2	14	1	3	1	4	6	12	19	19	9	3	20	4	23	2	11	21	3
G[T>A]C	3	5	2	8	5	1	2	9	3	5	11	11	10	3	7	3	14	2	10	10	2
G[T>A]G	3	10	8	13	2	3	4	10	12	10	29	29	10	3	17	8	22	7	10	28	0
G[T>A]T	1	11	2	25	1	0	6	10	10	14	27	21	18	3	15	12	11	6	5	27	2
G[T>C]A	5	4	1	11	5	1	5	11	17	4	28	22	8	8	26	3	24	7	9	18	6
G[T>C]C	5	11	2	8	6	4	4	15	6	5	10	13	3	5	13	6	18	4	9	13	0
G[T>C]G	5	7	6	18	4	4	10	15	5	17	29	27	11	9	14	11	18	8	15	23	0
G[T>C]T	4	6	2	13	5	2	9	19	15	11	26	24	8	7	25	13	35	5	14	22	3
G[T>G]A	1	3	5	7	1	0	2	4	5	6	11	11	5	4	9	4	12	2	3	10	1
G[T>G]C	1	2	1	4	0	0	6	3	4	4	8	11	11	3	4	3	9	4	7	7	1
G[T>G]G	3	6	2	10	0	1	3	8	6	6	15	17	8	9	9	5	18	2	12	12	1
G[T>G]T	5	3	2	11	2	2	4	9	6	10	13	13	6	3	16	6	11	1	17	17	0
T[C>A]A	14	17	7	25	4	7	7	92	12	19	37	47	13	16	32	15	35	8	30	40	8
T[C>A]C	14	12	4	32	5	4	8	76	12	18	25	37	17	6	16	15	36	4	17	27	1
T[C>A]G	0	2	0	3	0	0	0	4	1	0	6	3	3	1	4	1	4	2	4	5	1
T[C>A]T	14	15	5	28	10	4	19	107	10	27	52	40	16	11	45	24	48	9	18	44	8
T[C>G]A	49	38	5	24	9	10	2	539	10	15	29	39	15	27	34	16	30	6	31	29	5
T[C>G]C	30	28	2	22	7	2	5	460	8	18	22	26	14	16	28	14	24	5	18	22	2
T[C>G]G	5	3	2	3	1	0	1	61	0	0	4	4	1	5	4	2	4	0	1	5	0
T[C>G]T	40	46	3	42	11	3	7	645	9	18	35	26	22	23	43	15	32	6	27	32	3
T[C>T]A	68	45	8	30	12	20	16	823	27	31	46	47	19	25	67	53	43	28	28	40	14
T[C>T]C	42	31	23	21	11	14	15	544	20	26	28	38	18	15	53	35	29	11	20	26	9
T[C>T]G	14	1	1	7	0	1	1	96	8	4	8	8	5	6	12	5	6	2	5	4	2
T[C>T]T	62	35	9	38	24	17	17	862	29	45	64	54	25	25	83	49	60	16	28	39	21
T[T>A]A	8	12	2	34	1	1	8	13	17	19	42	36	10	10	33	15	30	10	22	34	1
T[T>A]C	10	14	4	24	6	3	4	13	12	7	31	31	15	10	28	7	39	6	7	19	3
T[T>A]G	1	15	4	17	3	2	5	20	9	15	42	30	9	7	20	10	34	8	22	33	1
T[T>A]T	11	26	4	53	7	5	17	31	31	29	72	64	28	26	41	30	64	8	17	60	2
T[T>C]A	5	20	8	18	5	4	9	11	11	11	33	32	17	7	38	15	36	10	19	37	3
T[T>C]C	5	14	7	27	6	4	7	17	16	16	34	30	20	11	31	12	33	5	20	21	4
T[T>C]G	5	13	10	17	6	7	7	20	12	13	34	30	15	10	24	9	30	10	17	31	3
T[T>C]T	15	21	11	47	11	9	16	39	27	31	62	70	30	31	38	27	69	21	41	39	12
T[T>G]A	4	14	3	12	6	0	4	12	7	11	19	19	11	11	13	11	9	3	14	12	2
T[T>G]C	4	7	1	11	6	1	4	9	6	6	21	19	7	6	20	3	32	1	24	17	1
T[T>G]G	7	10	2	9	5	2	2	14	7	6	16	21	8	8	12	6	18	6	12	28	4
T[T>G]T	3	17	3	25	9	3	10	17	15	17	34	37	17	26	30	13	50	3	28	42	7
