MutationsType	SBS1	SBS3	SBS5	SBS19	SBS30	SBS39	SBS40	SBS41
A[C>A]A	0.00089628	0.02069825	0.01194370	0.00125930	0.00178901	0.01165545	0.02808571	0.00210048
A[C>A]C	0.00234181	0.01667106	0.00953978	0.00064535	0.00051062	0.00723199	0.01355033	0.00123312
A[C>A]G	0.00017436	0.00169583	0.00179309	0.00023754	0.00008837	0.00259017	0.00283200	0.00005952
A[C>A]T	0.00129516	0.01214328	0.00658059	0.00056633	0.00055274	0.00737362	0.01474361	0.00132432
A[C>G]A	0.00188157	0.01960363	0.01005261	0.00316312	0.00106347	0.04711988	0.01215055	0.00530595
A[C>G]C	0.00125308	0.01182130	0.00576025	0.00180214	0.00047127	0.02275802	0.00877738	0.00319398
A[C>G]G	0.00011329	0.00024517	0.00166709	0.00059481	0.00012679	0.01319337	0.00218219	0.00117299
A[C>G]T	0.00115350	0.01731910	0.01005506	0.00212249	0.00072672	0.04324526	0.01454437	0.00823469
A[C>T]A	0.02528997	0.01413054	0.03244704	0.02776409	0.10535307	0.00956344	0.01962016	0.00983542
A[C>T]C	0.00649134	0.01252856	0.01808921	0.01419559	0.09122602	0.00408633	0.01223575	0.00339613
A[C>T]G	0.35956302	0.00249045	0.00598990	0.00149669	0.01393727	0.00582060	0.00025895	0.00332509
A[C>T]T	0.00969348	0.01204374	0.02190211	0.03649884	0.02912827	0.01275436	0.01683561	0.00632289
A[T>A]A	0.00081666	0.00551300	0.00741241	0.00078649	0.00036408	0.00533806	0.00613072	0.00749411
A[T>A]C	0.00225944	0.00718610	0.00690842	0.00025325	0.00039122	0.00287358	0.00442901	0.00428738
A[T>A]G	0.00116316	0.00967552	0.00915544	0.00095211	0.00063957	0.00697316	0.00696140	0.00304232
A[T>A]T	0.00018662	0.00612921	0.00622074	0.00065373	0.00049094	0.00614592	0.01074268	0.06984539
A[T>C]A	0.00111271	0.01656914	0.04640289	0.00259162	0.00061281	0.01125918	0.01879418	0.01446585
A[T>C]C	0.00308013	0.00773428	0.01335826	0.00058993	0.00045593	0.00562743	0.00732184	0.00577301
A[T>C]G	0.00010815	0.01234532	0.03834845	0.00231028	0.00027768	0.00968606	0.01557022	0.00807270
A[T>C]T	0.00585346	0.01735438	0.03842810	0.00173927	0.00054605	0.01365761	0.01947738	0.01776240
A[T>G]A	0.00017558	0.00396655	0.00387695	0.00233145	0.00003912	0.00390050	0.00726641	0.00756443
A[T>G]C	0.00020973	0.00259138	0.00259190	0.00187705	0.00010950	0.00296338	0.00703255	0.00163519
A[T>G]G	0.00027345	0.00632321	0.00797086	0.00177021	0.00041101	0.00769660	0.00809652	0.00271098
A[T>G]T	0.00011421	0.00398248	0.00484615	0.00161932	0.00079553	0.00644719	0.01807180	0.00763683
C[C>A]A	0.00031909	0.02263624	0.00747649	0.00132328	0.00077171	0.01017222	0.02094358	0.00239532
C[C>A]C	0.00184352	0.02563163	0.00622173	0.00077429	0.00039261	0.00918875	0.01490524	0.00093140
C[C>A]G	0.00009447	0.00250279	0.00345075	0.00023449	0.00040534	0.00572974	0.00253484	0.00026035
C[C>A]T	0.00000000	0.01549708	0.00653222	0.00003449	0.00029851	0.00607462	0.01480513	0.00266772
C[C>G]A	0.00002465	0.01941686	0.00700355	0.00177439	0.00127613	0.02900593	0.00761219	0.00209339
C[C>G]C	0.00007910	0.01428482	0.00919073	0.00182721	0.00080242	0.03823576	0.00948054	0.00121619
C[C>G]G	0.00035680	0.00149569	0.00248334	0.00004779	0.00011951	0.01227801	0.00167658	0.00040998
C[C>G]T	0.00000000	0.02244058	0.00959200	0.00322879	0.00102518	0.04049747	0.01399941	0.00506364
C[C>T]A	0.00204545	0.01619748	0.01952138	0.11929540	0.11053131	0.00917514	0.01973530	0.00695449
C[C>T]C	0.00027807	0.02046478	0.01925292	0.09287496	0.10422309	0.00391486	0.01754154	0.00187496
C[C>T]G	0.19867546	0.00223356	0.01745321	0.01559929	0.01673133	0.00755647	0.00235520	0.01007481
C[C>T]T	0.00020050	0.02314499	0.02325028	0.25870444	0.04643464	0.00704172	0.02175448	0.00778169
C[T>A]A	0.00004376	0.00794778	0.00354418	0.00009575	0.00021395	0.00495022	0.00109199	0.00362493
C[T>A]C	0.00039864	0.01776120	0.00517973	0.00040069	0.00077436	0.00643296	0.00760980	0.00318426
C[T>A]G	0.00032969	0.01321284	0.00501588	0.00029324	0.00058686	0.00681403	0.00346629	0.00312423
C[T>A]T	0.00026286	0.01263027	0.00427725	0.00021603	0.00060790	0.00823355	0.00923682	0.00896394
C[T>C]A	0.00000000	0.00883865	0.01331570	0.00045084	0.00126970	0.00735519	0.01091988	0.01031402
C[T>C]C	0.00253589	0.01446839	0.01037941	0.00008093	0.00137532	0.00790135	0.00985679	0.00524055
C[T>C]G	0.00036632	0.01010983	0.02082442	0.00049671	0.00126969	0.00778603	0.01051908	0.00557754
C[T>C]T	0.00004307	0.01571324	0.01482116	0.00038747	0.00407252	0.00855214	0.01353672	0.00782977
C[T>G]A	0.00003612	0.00437428	0.00259306	0.00071216	0.00019795	0.00531097	0.00335611	0.00347472
C[T>G]C	0.00021504	0.00702465	0.00460087	0.00207804	0.00021427	0.00738192	0.00566241	0.00240566
C[T>G]G	0.00013025	0.01071041	0.00613720	0.00132657	0.00007848	0.00985028	0.00560016	0.00304412
C[T>G]T	0.00017288	0.00699140	0.00726137	0.00218015	0.00026322	0.00491822	0.01303905	0.01044633
G[C>A]A	0.00160430	0.00712164	0.01019009	0.00081016	0.00094075	0.00687942	0.01419531	0.00308755
G[C>A]C	0.00034901	0.01103898	0.00774909	0.00027449	0.00049969	0.00704628	0.01033876	0.00073250
G[C>A]G	0.00059137	0.00141715	0.00231944	0.00020244	0.00000000	0.00449418	0.00252922	0.00021811
G[C>A]T	0.00000000	0.01003948	0.00684830	0.00027310	0.00086435	0.00591969	0.01085178	0.00195844
G[C>G]A	0.00000974	0.01268511	0.00467545	0.00130382	0.00051377	0.02399797	0.00505833	0.00203839
G[C>G]C	0.00016884	0.00874003	0.00514580	0.00130181	0.00025895	0.02159507	0.00544305	0.00272534
G[C>G]G	0.00016723	0.00239825	0.00149673	0.00058953	0.00011581	0.00978204	0.00118030	0.00015466
G[C>G]T	0.00000000	0.01475804	0.00674788	0.00032012	0.00040009	0.03256334	0.00701346	0.00357542
G[C>T]A	0.00450829	0.01638078	0.01938115	0.06071213	0.04958131	0.00802932	0.01429528	0.00600524
G[C>T]C	0.00009554	0.01357085	0.02187979	0.04006341	0.06170255	0.00456234	0.01175780	0.00875350
G[C>T]G	0.21962122	0.00052326	0.01219192	0.00316986	0.00518659	0.00543667	0.00000000	0.01695280
G[C>T]T	0.00003919	0.01134461	0.01867718	0.10904174	0.01774825	0.00865341	0.01276089	0.00844642
G[T>A]A	0.00008310	0.00710777	0.00369558	0.00018960	0.00033082	0.00499900	0.00267018	0.00234666
G[T>A]C	0.00013173	0.00751401	0.00292382	0.00007788	0.00018260	0.00353985	0.00344850	0.00230129
G[T>A]G	0.00024910	0.01155481	0.00409481	0.00048239	0.00009810	0.00665125	0.00439652	0.00142497
G[T>A]T	0.00025881	0.01213731	0.00317805	0.00027827	0.00018824	0.00404030	0.00569848	0.00446192
G[T>C]A	0.00107462	0.01004753	0.01419826	0.00095704	0.00094018	0.00752874	0.00605577	0.00610333
G[T>C]C	0.00194027	0.00566564	0.00797770	0.00037136	0.00055684	0.00692886	0.00460470	0.00375844
G[T>C]G	0.00118476	0.01085754	0.01494456	0.00094592	0.00049844	0.00572386	0.00563273	0.00349766
G[T>C]T	0.00007152	0.01006509	0.01352151	0.00232052	0.00043858	0.00741874	0.00721939	0.00384001
G[T>G]A	0.00000000	0.00444991	0.00253756	0.00063803	0.00018904	0.00335618	0.00250896	0.00181287
G[T>G]C	0.00000000	0.00235064	0.00171812	0.00070369	0.00035417	0.00583271	0.00225208	0.00095468
G[T>G]G	0.00035239	0.01085754	0.00528041	0.00050621	0.00137295	0.00769830	0.00443640	0.00119578
G[T>G]T	0.00001465	0.00575289	0.00231938	0.00033529	0.00015769	0.00586782	0.00541208	0.00342541
T[C>A]A	0.00006656	0.00836784	0.00782217	0.00136821	0.00069167	0.00595650	0.02589146	0.00329466
T[C>A]C	0.00256283	0.01674057	0.00913939	0.00112200	0.00024185	0.00784072	0.02094334	0.00171457
T[C>A]G	0.00000000	0.00138152	0.00225400	0.00027825	0.00008083	0.00295241	0.00310859	0.00020290
T[C>A]T	0.00000592	0.00987812	0.01258549	0.00136243	0.00065807	0.00649671	0.02389804	0.00584786
T[C>G]A	0.00000000	0.01323333	0.00777241	0.00173504	0.00012621	0.03456364	0.01244782	0.01980779
T[C>G]C	0.00020563	0.02022819	0.00757463	0.00309792	0.00098132	0.03660999	0.01406196	0.01415516
T[C>G]G	0.00006913	0.00050950	0.00167580	0.00043056	0.00010373	0.00943595	0.00170629	0.00189174
T[C>G]T	0.00157124	0.02328344	0.01238729	0.00158950	0.00010786	0.05028749	0.02350139	0.04420584
T[C>T]A	0.00112274	0.00573112	0.02020229	0.04352482	0.09739001	0.00386475	0.02987477	0.01164578
T[C>T]C	0.00003778	0.01325295	0.02292323	0.02482309	0.13336339	0.00526705	0.02303768	0.00644957
T[C>T]G	0.10956424	0.00096902	0.01558197	0.00421771	0.01438555	0.00476702	0.00207893	0.00482246
T[C>T]T	0.00000000	0.00809471	0.02081065	0.06209906	0.05195287	0.00419558	0.02221228	0.01139837
T[T>A]A	0.00692145	0.00659585	0.00639450	0.00049874	0.00028537	0.00678560	0.00723012	0.08169403
T[T>A]C	0.00000000	0.01030857	0.00406534	0.00046468	0.00023632	0.00362667	0.01012074	0.01404464
T[T>A]G	0.00002827	0.00666354	0.00475779	0.00036910	0.00018845	0.00542810	0.00498945	0.00922920
T[T>A]T	0.00227982	0.01295758	0.00872320	0.00066842	0.00069786	0.01067670	0.02094912	0.05334574
T[T>C]A	0.00026264	0.01540045	0.01824103	0.00125189	0.00055050	0.00602489	0.01034322	0.06446328
T[T>C]C	0.00338335	0.00882610	0.00953489	0.00054099	0.00028044	0.00632947	0.00741860	0.02632142
T[T>C]G	0.00041997	0.00688202	0.01261460	0.00106871	0.00020135	0.00495091	0.00597342	0.02036582
T[T>C]T	0.00438739	0.01385464	0.01844333	0.00146000	0.00044301	0.00945935	0.01017528	0.04596708
T[T>G]A	0.00000000	0.00734561	0.00528990	0.00167592	0.00011941	0.00850990	0.00857879	0.04246873
T[T>G]C	0.00005499	0.00616551	0.00644169	0.00197613	0.00009453	0.00499282	0.01120159	0.01522321
T[T>G]G	0.00058856	0.00799426	0.00689333	0.00204837	0.00080639	0.00723747	0.00860729	0.01927302
T[T>G]T	0.00000000	0.01046574	0.01345865	0.00420122	0.00885020	0.01087626	0.02493942	0.08764656
