MutationType	Signature A	Signature B	Signature C	Signature D
AC>CA	2.69E-03	1.17E-07	5.51E-03	4.58E-03
AC>CG	1.47E-03	2.08E-03	1.32E-03	1.27E-07
AC>CT	3.57E-03	2.11E-07	2.18E-03	1.08E-03
AC>GA	1.88E-06	8.52E-04	6.90E-03	4.34E-03
AC>GG	6.30E-04	1.76E-07	1.77E-03	3.09E-07
AC>GT	3.65E-07	2.58E-07	7.72E-04	6.51E-04
AC>TA	4.18E-03	1.05E-07	7.54E-03	1.54E-03
AC>TG	4.65E-07	2.11E-07	2.45E-03	9.24E-04
AC>TT	4.78E-03	1.87E-03	3.87E-03	1.92E-03
AT>CA	3.56E-03	1.90E-07	6.57E-03	3.67E-04
AT>CC	1.24E-07	1.90E-07	5.08E-07	2.69E-07
AT>CG	1.24E-07	1.90E-07	5.08E-07	2.69E-07
AT>GA	1.53E-03	2.14E-03	3.38E-03	1.68E-03
AT>GC	1.88E-03	2.23E-07	2.54E-03	4.24E-04
AT>TA	2.73E-03	2.22E-07	9.68E-04	1.55E-03
CC>AA	1.75E-02	6.71E-03	2.83E-02	1.84E-02
CC>AG	5.32E-03	1.42E-03	6.39E-03	7.24E-03
CC>AT	8.14E-03	3.96E-03	1.09E-02	8.12E-03
CC>GA	4.50E-03	7.06E-08	1.20E-02	5.27E-03
CC>GG	1.54E-03	9.09E-08	4.34E-03	1.36E-03
CC>GT	1.81E-03	9.44E-03	5.83E-03	4.56E-03
CC>TA	6.59E-07	6.44E-03	5.44E-03	4.66E-03
CC>TG	2.20E-03	2.90E-03	4.13E-03	7.75E-04
CC>TT	5.92E-03	1.66E-02	1.28E-03	5.02E-03
CG>AT	1.45E-03	1.79E-07	1.06E-03	1.34E-07
CG>GC	1.24E-07	1.90E-07	5.08E-07	2.69E-07
CG>GT	1.66E-07	1.78E-07	1.23E-03	1.22E-03
CG>TA	2.13E-03	5.41E-04	3.86E-03	3.86E-04
CG>TC	1.24E-07	1.90E-07	5.08E-07	2.69E-07
CG>TT	1.24E-07	1.90E-07	5.08E-07	2.69E-07
CT>AA	3.51E-03	3.25E-03	6.07E-03	5.51E-03
CT>AC	1.32E-03	1.93E-07	1.36E-03	2.09E-03
CT>AG	6.20E-03	2.14E-07	1.05E-02	2.31E-03
CT>GA	2.81E-03	1.75E-07	4.73E-03	1.16E-03
CT>GC	2.84E-03	2.58E-03	1.52E-03	5.98E-04
CT>GG	1.20E-03	2.05E-03	3.83E-03	2.94E-07
CT>TA	6.14E-03	1.08E-02	7.80E-03	3.61E-03
CT>TC	1.76E-04	2.84E-03	2.86E-03	3.31E-03
CT>TG	3.29E-03	2.79E-04	5.60E-03	1.03E-07
GC>AA	5.97E-03	5.90E-03	2.24E-02	8.36E-03
GC>AG	6.26E-03	5.23E-03	1.30E-02	5.43E-03
GC>AT	4.41E-03	1.43E-03	1.22E-02	8.01E-03
GC>CA	3.42E-03	2.22E-03	9.85E-03	5.76E-04
GC>CG	1.24E-07	1.90E-07	5.08E-07	2.69E-07
GC>TA	1.49E-03	1.13E-03	2.26E-03	1.48E-03
TA>AT	3.40E-03	1.46E-03	6.23E-03	6.46E-04
TA>CG	1.73E-03	1.14E-07	2.79E-03	2.25E-07
TA>CT	4.84E-03	2.62E-07	5.34E-03	2.03E-03
TA>GC	1.24E-07	1.90E-07	5.08E-07	2.69E-07
TA>GG	7.29E-04	2.75E-07	2.40E-03	2.01E-07
TA>GT	2.00E-03	3.86E-07	4.61E-03	3.04E-03
TC>AA	2.02E-02	2.80E-03	1.70E-02	8.61E-03
TC>AG	3.16E-03	1.03E-02	5.98E-03	2.40E-03
TC>AT	1.06E-02	1.18E-02	1.72E-02	6.02E-03
TC>CA	9.23E-03	2.41E-03	2.85E-03	6.32E-03
TC>CG	1.89E-03	8.21E-04	2.39E-03	5.92E-04
TC>CT	3.06E-03	5.62E-03	5.62E-03	3.55E-03
TC>GA	6.83E-03	3.88E-07	8.10E-03	3.83E-03
TC>GG	1.35E-03	3.05E-03	1.13E-03	9.46E-04
TC>GT	1.27E-03	5.81E-03	4.90E-03	2.03E-03
TG>AA	2.30E-03	1.41E-07	1.27E-03	1.31E-03
TG>AC	2.59E-07	4.38E-07	1.54E-03	7.74E-04
TG>AT	8.02E-03	7.01E-08	9.87E-03	3.99E-03
TG>CA	8.26E-03	3.42E-03	8.23E-03	5.36E-03
TG>CC	2.27E-03	3.61E-03	5.69E-03	3.74E-03
TG>CT	1.28E-02	3.43E-08	2.89E-02	9.96E-03
TG>GA	3.20E-03	1.29E-07	2.64E-03	1.99E-03
TG>GC	4.04E-03	3.68E-07	3.48E-03	9.96E-04
TG>GT	3.23E-03	2.62E-03	2.38E-03	3.56E-03
TT>AA	3.54E-03	4.80E-03	8.68E-03	3.74E-03
TT>AC	1.56E-03	1.88E-07	5.64E-07	1.28E-07
TT>AG	1.19E-03	4.95E-07	2.95E-03	1.85E-03
TT>CA	1.02E-03	3.19E-03	6.61E-04	2.60E-07
TT>CC	3.37E-07	2.87E-03	1.54E-03	1.47E-03
TT>CG	1.69E-07	1.87E-03	3.17E-03	4.98E-04
TT>GA	1.24E-07	1.90E-07	5.08E-07	2.69E-07
TT>GC	1.13E-03	2.56E-07	1.96E-03	3.47E-04
TT>GG	4.11E-07	1.72E-07	9.54E-04	1.02E-03
